3.218933 0.000000
-0.330541 0.615335
-0.259583 0.283203
-0.413233 0.130960
-0.404114 0.000000
-0.413233 -0.130960
-0.259583 -0.283203
-0.330541 -0.615335
6.779053 0.000000
-0.186481 0.479336
-0.303894 0.214050
-0.198651 0.102871
-0.220337 0.000000
-0.198651 -0.102871
-0.303894 -0.214050
-0.186481 -0.479336
8.807007 0.000000
-0.174196 -0.018383
-0.125244 -0.019409
-0.023314 -0.073803
0.027466 0.000000
-0.023314 0.073803
-0.125244 0.019409
-0.174196 0.018383
7.971375 0.000000
0.028141 -0.400490
0.103394 -0.146179
0.023739 -0.009255
0.218079 0.000000
0.023739 0.009255
0.103394 0.146179
0.028141 0.400490
5.326721 0.000000
0.205831 -0.519498
0.122498 -0.175659
0.294047 -0.122526
0.333801 0.000000
0.294047 0.122526
0.122498 0.175659
0.205831 0.519498
1.986267 0.000000
0.288857 -0.587461
0.318420 -0.129272
0.239829 -0.060605
0.227234 0.000000
0.239829 0.060605
0.318420 0.129272
0.288857 0.587461
-1.269165 0.000000
0.225598 -0.433177
0.150085 -0.279846
0.277820 0.014455
0.195068 0.000000
0.277820 -0.014455
0.150085 0.279846
0.225598 0.433177
-3.284546 0.000000
0.078433 -0.128096
0.043030 -0.083069
0.037778 0.023394
0.035889 0.000000
0.037778 -0.023394
0.043030 0.083069
0.078433 0.128096
-3.572205 0.000000
-0.108583 0.007757
0.001892 -0.045532
-0.057311 0.003119
-0.091003 0.000000
-0.057311 -0.003119
0.001892 0.045532
-0.108583 -0.007757
-2.788086 0.000000
-0.065828 0.236064
0.041870 0.200562
-0.044767 -0.001973
-0.025146 0.000000
-0.044767 0.001973
0.041870 -0.200562
-0.065828 -0.236064
-1.488647 0.000000
-0.060708 0.137770
-0.050110 0.063904
-0.144004 0.048415
-0.048584 0.000000
-0.144004 -0.048415
-0.050110 -0.063904
-0.060708 -0.137770
-0.272705 0.000000
-0.073350 0.107265
0.012390 0.049377
-0.036147 -0.006016
-0.175171 0.000000
-0.036147 0.006016
0.012390 -0.049377
-0.073350 -0.107265
1.004456 0.000000
0.007794 0.155745
-0.088135 0.075623
-0.086896 0.024398
-0.012268 0.000000
-0.086896 -0.024398
-0.088135 -0.075623
0.007794 -0.155745
1.976440 0.000000
-0.106206 0.214241
-0.162659 0.135437
0.002812 0.084846
-0.143066 0.000000
0.002812 -0.084846
-0.162659 -0.135437
-0.106206 -0.214241
2.865295 0.000000
-0.066797 0.138963
-0.060669 0.056580
-0.191870 0.027024
-0.128479 0.000000
-0.191870 -0.027024
-0.060669 -0.056580
-0.066797 -0.138963
4.262817 0.000000
0.001694 0.144608
-0.128601 0.128845
-0.018418 0.068680
0.052734 0.000000
-0.018418 -0.068680
-0.128601 -0.128845
0.001694 -0.144608
5.552124 0.000000
-0.093588 0.209078
-0.130310 0.062561
-0.044474 -0.084868
-0.146240 0.000000
-0.044474 0.084868
-0.130310 -0.062561
-0.093588 -0.209078
6.159241 0.000000
0.032195 -0.071127
-0.002991 -0.113403
0.001984 -0.010702
0.145081 0.000000
0.001984 0.010702
-0.002991 0.113403
0.032195 0.071127
5.224609 0.000000
0.079401 -0.215443
0.148315 -0.100098
0.143621 -0.090809
0.035156 0.000000
0.143621 0.090809
0.148315 0.100098
0.079401 0.215443
2.887329 0.000000
0.248223 -0.612604
0.141724 -0.134888
0.198677 -0.044611
0.064819 0.000000
0.198677 0.044611
0.141724 0.134888
0.248223 0.612604
-0.567871 0.000000
0.148734 -0.521959
0.177368 -0.221313
0.291329 -0.097277
0.126953 0.000000
0.291329 0.097277
0.177368 0.221313
0.148734 0.521959
-3.900513 0.000000
0.174825 -0.390142
0.229614 -0.210449
0.221781 0.015009
0.234009 0.000000
0.221781 -0.015009
0.229614 0.210449
0.174825 0.390142
-6.021057 0.000000
0.171256 0.009223
0.052490 -0.083069
0.094003 -0.001886
-0.000183 0.000000
0.094003 0.001886
0.052490 0.083069
0.171256 -0.009223
-5.918640 0.000000
-0.046484 0.219686
-0.193481 0.127869
-0.091455 0.040731
-0.031311 0.000000
-0.091455 -0.040731
-0.193481 -0.127869
-0.046484 -0.219686
-3.622498 0.000000
-0.213385 0.568556
-0.250000 0.220032
-0.247308 0.098586
-0.016663 0.000000
-0.247308 -0.098586
-0.250000 -0.220032
-0.213385 -0.568556
0.472961 0.000000
-0.252085 0.708013
-0.216003 0.343628
-0.386221 0.060552
-0.341980 0.000000
-0.386221 -0.060552
-0.216003 -0.343628
-0.252085 -0.708013
4.666992 0.000000
-0.205381 0.549474
-0.334961 0.291504
-0.307925 0.142614
-0.311768 0.000000
-0.307925 -0.142614
-0.334961 -0.291504
-0.205381 -0.549474
7.972656 0.000000
-0.216358 0.245333
-0.114258 0.192139
-0.068066 0.062472
-0.057617 0.000000
-0.068066 -0.062472
-0.114258 -0.192139
-0.216358 -0.245333
8.683167 0.000000
0.018785 -0.044692
0.039673 0.027771
-0.011339 -0.058974
-0.104065 0.000000
-0.011339 0.058974
0.039673 -0.027771
0.018785 0.044692
7.342651 0.000000
0.096337 -0.419297
0.090515 -0.212341
0.197242 -0.169297
0.091309 0.000000
0.197242 0.169297
0.090515 0.212341
0.096337 0.419297
4.064270 0.000000
0.183322 -0.482090
0.313599 -0.256165
0.219144 -0.067661
0.369324 0.000000
0.219144 0.067661
0.313599 0.256165
0.183322 0.482090
0.446594 0.000000
0.255022 -0.485500
0.249634 -0.237244
0.260115 -0.050441
0.130310 0.000000
0.260115 0.050441
0.249634 0.237244
0.255022 0.485500
-2.073669 0.000000
0.186684 -0.318860
0.112488 -0.161133
0.242272 -0.089246
0.141663 0.000000
0.242272 0.089246
0.112488 0.161133
0.186684 0.318860
-3.584167 0.000000
0.018585 -0.123328
0.058350 -0.148743
0.009003 0.039514
-0.045227 0.000000
0.009003 -0.039514
0.058350 0.148743
0.018585 0.123328
-3.525513 0.000000
0.016046 0.045573
-0.037537 0.015198
0.011298 -0.101766
-0.174316 0.000000
0.011298 0.101766
-0.037537 -0.015198
0.016046 -0.045573
-2.506714 0.000000
-0.040400 0.170277
-0.143372 0.105408
-0.025640 0.032826
0.028076 0.000000
-0.025640 -0.032826
-0.143372 -0.105408
-0.040400 -0.170277
-1.061523 0.000000
-0.168252 0.181287
0.018494 0.091736
-0.028160 0.082410
-0.046509 0.000000
-0.028160 -0.082410
0.018494 -0.091736
-0.168252 -0.181287
0.311401 0.000000
-0.051063 0.167251
-0.048950 0.127930
-0.106651 0.015395
0.078003 0.000000
-0.106651 -0.015395
-0.048950 -0.127930
-0.051063 -0.167251
1.142334 0.000000
-0.073967 0.172063
-0.006104 0.161743
-0.136116 0.057195
-0.100586 0.000000
-0.136116 -0.057195
-0.006104 -0.161743
-0.073967 -0.172063
2.184631 0.000000
-0.059503 0.186080
0.021423 0.000977
0.024224 0.055953
-0.132019 0.000000
0.024224 -0.055953
0.021423 -0.000977
-0.059503 -0.186080
3.374573 0.000000
-0.118088 0.275556
-0.178467 0.065613
-0.073807 -0.017901
-0.007385 0.000000
-0.073807 0.017901
-0.178467 -0.065613
-0.118088 -0.275556
4.950378 0.000000
-0.085231 0.212615
-0.150269 0.212708
-0.100682 -0.020906
-0.064636 0.000000
-0.100682 0.020906
-0.150269 -0.212708
-0.085231 -0.212615
5.882019 0.000000
-0.013945 0.078616
0.005737 0.104309
-0.067720 0.061648
-0.002625 0.000000
-0.067720 -0.061648
0.005737 -0.104309
-0.013945 -0.078616
5.941040 0.000000
-0.075683 -0.170668
0.045166 -0.109253
0.036011 0.010118
-0.118530 0.000000
0.036011 -0.010118
0.045166 0.109253
-0.075683 0.170668
4.549194 0.000000
0.061864 -0.369993
0.093262 -0.163696
0.219996 -0.037595
0.256226 0.000000
0.219996 0.037595
0.093262 0.163696
0.061864 0.369993
1.586548 0.000000
0.086238 -0.536748
0.196106 -0.159729
0.195256 -0.194096
0.339600 0.000000
0.195256 0.194096
0.196106 0.159729
0.086238 0.536748
-1.974670 0.000000
0.265334 -0.533903
0.117737 -0.219482
0.269822 -0.113127
0.295349 0.000000
0.269822 0.113127
0.117737 0.219482
0.265334 0.533903
-4.899475 0.000000
0.159272 -0.280550
0.202698 -0.204102
0.077789 -0.092684
-0.017639 0.000000
0.077789 0.092684
0.202698 0.204102
0.159272 0.280550
-6.323730 0.000000
0.017682 -0.079907
0.130981 0.032227
0.038226 -0.012280
-0.010986 0.000000
0.038226 0.012280
0.130981 -0.032227
0.017682 0.079907
-5.390869 0.000000
-0.234572 0.319490
-0.098572 0.177063
-0.189256 0.028108
-0.094116 0.000000
-0.189256 -0.028108
-0.098572 -0.177063
-0.234572 -0.319490
-2.059998 0.000000
-0.283030 0.546516
-0.279663 0.257019
-0.350271 -0.006950
-0.263000 0.000000
-0.350271 0.006950
-0.279663 -0.257019
-0.283030 -0.546516
2.138977 0.000000
-0.144763 0.695621
-0.249817 0.238892
-0.259046 0.104190
-0.273132 0.000000
-0.259046 -0.104190
-0.249817 -0.238892
-0.144763 -0.695621
6.210205 0.000000
-0.298687 0.517081
-0.245422 0.202087
-0.092304 0.053214
-0.352417 0.000000
-0.092304 -0.053214
-0.245422 -0.202087
-0.298687 -0.517081
8.344177 0.000000
-0.173187 0.081424
-0.142883 0.069702
0.002899 0.038211
-0.075745 0.000000
0.002899 -0.038211
-0.142883 -0.069702
-0.173187 -0.081424
8.413147 0.000000
0.035639 -0.200844
0.077026 -0.153748
-0.008296 0.007408
0.024109 0.000000
-0.008296 -0.007408
0.077026 0.153748
0.035639 0.200844
6.008972 0.000000
0.233139 -0.511205
0.125916 -0.198975
0.139054 -0.098364
0.272644 0.000000
0.139054 0.098364
0.125916 0.198975
0.233139 0.511205
2.675903 0.000000
0.242478 -0.481464
0.299194 -0.107788
0.313430 -0.095477
0.164185 0.000000
0.313430 0.095477
0.299194 0.107788
0.242478 0.481464
-0.632935 0.000000
0.185213 -0.445615
0.209778 -0.051331
0.085172 -0.094296
0.216064 0.000000
0.085172 0.094296
0.209778 0.051331
0.185213 0.445615
-2.883911 0.000000
0.168819 -0.120189
0.091492 -0.163879
0.119877 -0.070140
0.079102 0.000000
0.119877 0.070140
0.091492 0.163879
0.168819 0.120189
-3.749878 0.000000
0.032045 0.006453
0.056091 0.026672
-0.069032 0.015730
0.164307 0.000000
-0.069032 -0.015730
0.056091 -0.026672
0.032045 -0.006453
-3.141541 0.000000
-0.069079 0.269529
-0.046570 0.062012
-0.025403 0.014280
0.000305 0.000000
-0.025403 -0.014280
-0.046570 -0.062012
-0.069079 -0.269529
-1.984070 0.000000
-0.196322 0.161772
0.035339 0.152710
-0.075651 -0.007783
-0.026062 0.000000
-0.075651 0.007783
0.035339 -0.152710
-0.196322 -0.161772
-0.430420 0.000000
-0.011408 0.159123
-0.140686 0.147034
-0.054998 0.020329
-0.135376 0.000000
-0.054998 -0.020329
-0.140686 -0.147034
-0.011408 -0.159123
0.599915 0.000000
-0.076094 0.212587
-0.007385 0.111694
-0.115800 0.096254
-0.141785 0.000000
-0.115800 -0.096254
-0.007385 -0.111694
-0.076094 -0.212587
1.734070 0.000000
0.012168 0.197889
-0.100891 -0.046997
-0.033408 0.045179
-0.059143 0.000000
-0.033408 -0.045179
-0.100891 0.046997
0.012168 -0.197889
2.857422 0.000000
-0.051346 0.266111
-0.029053 0.142822
0.024613 0.058958
-0.165283 0.000000
0.024613 -0.058958
-0.029053 -0.142822
-0.051346 -0.266111
4.168640 0.000000
-0.018721 0.223749
-0.058228 0.014709
-0.113237 0.114008
-0.168152 0.000000
-0.113237 -0.114008
-0.058228 -0.014709
-0.018721 -0.223749
5.519470 0.000000
-0.102200 0.180184
-0.008850 0.038940
-0.092014 0.044930
-0.087463 0.000000
-0.092014 -0.044930
-0.008850 -0.038940
-0.102200 -0.180184
6.002747 0.000000
-0.045188 0.038554
0.035522 -0.003113
-0.156105 0.058207
-0.157043 0.000000
-0.156105 -0.058207
0.035522 0.003113
-0.045188 -0.038554
5.604187 0.000000
-0.058699 -0.159676
-0.012146 -0.030396
0.083724 -0.048348
0.054626 0.000000
0.083724 0.048348
-0.012146 0.030396
-0.058699 0.159676
3.432983 0.000000
0.184860 -0.449763
0.199890 -0.250793
0.111405 -0.145564
0.364746 0.000000
0.111405 0.145564
0.199890 0.250793
0.184860 0.449763
0.144043 0.000000
0.181915 -0.668635
0.143799 -0.334595
0.217133 -0.064021
0.143799 0.000000
0.217133 0.064021
0.143799 0.334595
0.181915 0.668635
-3.501038 0.000000
0.171586 -0.424243
0.181458 -0.250977
0.231490 -0.017871
0.188904 0.000000
0.231490 0.017871
0.181458 0.250977
0.171586 0.424243
-5.788879 0.000000
0.126724 -0.174698
0.094788 -0.165894
-0.031753 -0.153824
0.118347 0.000000
-0.031753 0.153824
0.094788 0.165894
0.126724 0.174698
-6.166321 0.000000
-0.046434 0.265722
-0.028259 0.094238
-0.095289 0.045019
0.087830 0.000000
-0.095289 -0.045019
-0.028259 -0.094238
-0.046434 -0.265722
-4.225769 0.000000
-0.176506 0.489588
-0.164307 0.204407
-0.293465 0.065515
-0.179016 0.000000
-0.293465 -0.065515
-0.164307 -0.204407
-0.176506 -0.489588
-0.160034 0.000000
-0.266421 0.659560
-0.244934 0.312073
-0.254941 0.136367
-0.296631 0.000000
-0.254941 -0.136367
-0.244934 -0.312073
-0.266421 -0.659560
3.973938 0.000000
-0.373415 0.699442
-0.217529 0.317810
-0.325682 0.084573
-0.305725 0.000000
-0.325682 -0.084573
-0.217529 -0.317810
-0.373415 -0.699442
7.316406 0.000000
-0.260596 0.374448
-0.130310 0.113220
0.010352 0.036679
-0.248169 0.000000
0.010352 -0.036679
-0.130310 -0.113220
-0.260596 -0.374448
8.716858 0.000000
0.003576 -0.076060
0.022766 -0.074585
-0.095861 0.076406
0.003235 0.000000
-0.095861 -0.076406
0.022766 0.074585
0.003576 0.076060
7.546509 0.000000
0.107249 -0.393478
0.146362 -0.152832
0.195119 -0.094039
0.181519 0.000000
0.195119 0.094039
0.146362 0.152832
0.107249 0.393478
4.820496 0.000000
0.319430 -0.555618
0.186035 -0.156189
0.272733 -0.034012
0.278870 0.000000
0.272733 0.034012
0.186035 0.156189
0.319430 0.555618
1.122375 0.000000
0.199886 -0.412373
0.218689 -0.140991
0.154484 -0.157490
0.311096 0.000000
0.154484 0.157490
0.218689 0.140991
0.199886 0.412373
-1.708618 0.000000
0.190042 -0.362625
0.135925 -0.108826
0.326682 0.025558
0.126953 0.000000
0.326682 -0.025558
0.135925 0.108826
0.190042 0.362625
-3.461426 0.000000
0.090944 -0.071542
0.142090 -0.083252
0.063841 -0.088144
0.219727 0.000000
0.063841 0.088144
0.142090 0.083252
0.090944 0.071542
-3.532776 0.000000
0.054500 0.037376
-0.123535 0.033997
-0.023616 -0.048684
0.023254 0.000000
-0.023616 0.048684
-0.123535 -0.033997
0.054500 -0.037376
-2.532654 0.000000
-0.022041 0.287228
-0.102539 0.127502
-0.092217 0.106808
0.095154 0.000000
-0.092217 -0.106808
-0.102539 -0.127502
-0.022041 -0.287228
-1.400330 0.000000
-0.123076 0.144715
-0.020447 0.070557
-0.156221 0.013245
-0.120300 0.000000
-0.156221 -0.013245
-0.020447 -0.070557
-0.123076 -0.144715
-0.013062 0.000000
-0.065581 0.092778
-0.077332 -0.006653
0.026519 0.115849
-0.024170 0.000000
0.026519 -0.115849
-0.077332 0.006653
-0.065581 -0.092778
1.106628 0.000000
-0.126907 0.016230
-0.003723 0.077637
-0.026780 0.060419
-0.063782 0.000000
-0.026780 -0.060419
-0.003723 -0.077637
-0.126907 -0.016230
2.106750 0.000000
-0.098991 0.121714
-0.097961 -0.089722
-0.107796 0.042978
0.022766 0.000000
-0.107796 -0.042978
-0.097961 0.089722
-0.098991 -0.121714
3.326721 0.000000
-0.103814 0.197694
-0.063232 0.184631
-0.157417 0.015077
-0.059143 0.000000
-0.157417 -0.015077
-0.063232 -0.184631
-0.103814 -0.197694
4.683533 0.000000
0.021036 0.204192
-0.072327 0.004883
-0.050089 0.061491
-0.160461 0.000000
-0.050089 -0.061491
-0.072327 -0.004883
0.021036 -0.204192
5.700195 0.000000
-0.137408 0.040906
-0.020081 0.060120
0.020465 0.076917
-0.034546 0.000000
0.020465 -0.076917
-0.020081 -0.060120
-0.137408 -0.040906
6.055359 0.000000
-0.061194 -0.098287
0.073364 -0.088318
0.034704 0.012919
0.168762 0.000000
0.034704 -0.012919
0.073364 0.088318
-0.061194 0.098287
4.947510 0.000000
0.168262 -0.209942
0.134583 -0.191467
0.028515 -0.054791
0.071411 0.000000
0.028515 0.054791
0.134583 0.191467
0.168262 0.209942
2.238037 0.000000
0.209834 -0.406190
0.238342 -0.225037
0.195074 -0.129578
0.243042 0.000000
0.195074 0.129578
0.238342 0.225037
0.209834 0.406190
-1.309998 0.000000
0.237617 -0.481416
0.151123 -0.270203
0.295708 -0.019135
0.346863 0.000000
0.295708 0.019135
0.151123 0.270203
0.237617 0.481416
-4.557800 0.000000
0.205213 -0.345783
0.102051 -0.106873
0.194079 0.000775
0.089294 0.000000
0.194079 -0.000775
0.102051 0.106873
0.205213 0.345783
-6.181641 0.000000
0.073602 -0.142675
0.008484 -0.109680
0.022589 -0.006567
-0.055542 0.000000
0.022589 0.006567
0.008484 0.109680
0.073602 0.142675
-5.724060 0.000000
-0.153510 0.171133
-0.109436 0.242065
-0.166803 0.086782
-0.100525 0.000000
-0.166803 -0.086782
-0.109436 -0.242065
-0.153510 -0.171133
-2.903259 0.000000
-0.252102 0.564243
-0.228577 0.191650
-0.300266 0.171176
-0.174500 0.000000
-0.300266 -0.171176
-0.228577 -0.191650
-0.252102 -0.564243
1.446350 0.000000
-0.288272 0.559842
-0.298035 0.249146
-0.268247 0.118435
-0.388123 0.000000
-0.268247 -0.118435
-0.298035 -0.249146
-0.288272 -0.559842
5.474731 0.000000
-0.210684 0.580769
-0.172913 0.183167
-0.184702 0.126424
-0.385498 0.000000
-0.184702 -0.126424
-0.172913 -0.183167
-0.210684 -0.580769
8.339417 0.000000
-0.161461 0.226804
-0.157654 0.126099
-0.234657 -0.006351
-0.054138 0.000000
-0.234657 0.006351
-0.157654 -0.126099
-0.161461 -0.226804
8.495850 0.000000
-0.053610 -0.200890
0.084717 0.016724
0.004050 -0.012658
0.101807 0.000000
0.004050 0.012658
0.084717 -0.016724
-0.053610 0.200890
6.639465 0.000000
0.165743 -0.496518
0.155457 -0.319824
0.227201 -0.051938
0.149963 0.000000
0.227201 0.051938
0.155457 0.319824
0.165743 0.496518
3.373535 0.000000
0.133568 -0.592447
0.292725 -0.300171
0.218849 -0.054239
0.170654 0.000000
0.218849 0.054239
0.292725 0.300171
0.133568 0.592447
-0.182556 0.000000
0.217736 -0.350272
0.184143 -0.267456
0.285926 -0.111868
0.209290 0.000000
0.285926 0.111868
0.184143 0.267456
0.217736 0.350272
-2.610718 0.000000
0.115406 -0.288404
0.079773 -0.149109
0.116528 -0.074903
-0.039551 0.000000
0.116528 0.074903
0.079773 0.149109
0.115406 0.288404
-3.672180 0.000000
0.076651 -0.021350
-0.079773 0.017578
0.066293 -0.022326
0.154236 0.000000
0.066293 0.022326
-0.079773 -0.017578
0.076651 0.021350
-3.108521 0.000000
-0.031348 0.109502
-0.151001 0.074951
-0.138208 0.025152
-0.121948 0.000000
-0.138208 -0.025152
-0.151001 -0.074951
-0.031348 -0.109502
-2.328064 0.000000
-0.131106 0.196365
-0.044983 0.118652
-0.111081 0.044631
-0.045837 0.000000
-0.111081 -0.044631
-0.044983 -0.118652
-0.131106 -0.196365
-0.619690 0.000000
-0.091727 0.205751
-0.048889 0.173828
-0.023019 0.103090
-0.074036 0.000000
-0.023019 -0.103090
-0.048889 -0.173828
-0.091727 -0.205751
0.513550 0.000000
-0.041119 0.300649
-0.056396 0.094238
-0.066669 0.015615
-0.054810 0.000000
-0.066669 -0.015615
-0.056396 -0.094238
-0.041119 -0.300649
1.498047 0.000000
-0.013858 0.127899
-0.177734 0.040405
-0.163876 0.036102
-0.092285 0.000000
-0.163876 -0.036102
-0.177734 -0.040405
-0.013858 -0.127899
2.596741 0.000000
-0.017909 0.214408
-0.046814 0.045532
-0.158605 0.024344
-0.020203 0.000000
-0.158605 -0.024344
-0.046814 -0.045532
-0.017909 -0.214408
3.737305 0.000000
0.013198 0.264680
-0.070740 0.163391
-0.078384 0.124177
-0.046509 0.000000
-0.078384 -0.124177
-0.070740 -0.163391
0.013198 -0.264680
5.184143 0.000000
-0.060221 0.054076
-0.038696 0.129822
-0.104329 0.002807
-0.036926 0.000000
-0.104329 -0.002807
-0.038696 -0.129822
-0.060221 -0.054076
5.953064 0.000000
-0.012509 -0.033436
-0.127808 -0.024719
-0.082339 -0.023792
-0.041443 0.000000
-0.082339 0.023792
-0.127808 0.024719
-0.012509 0.033436
5.790588 0.000000
0.042815 -0.144110
0.079956 -0.097229
0.091584 0.012995
0.003845 0.000000
0.091584 -0.012995
0.079956 0.097229
0.042815 0.144110
4.000061 0.000000
0.135364 -0.447461
0.105225 -0.132141
0.194836 -0.080884
0.258972 0.000000
0.194836 0.080884
0.105225 0.132141
0.135364 0.447461
0.872803 0.000000
0.152431 -0.516495
0.139526 -0.256104
0.271031 -0.127946
0.223877 0.000000
0.271031 0.127946
0.139526 0.256104
0.152431 0.516495
-2.645874 0.000000
0.189829 -0.463216
0.207520 -0.299438
0.236440 -0.111654
0.305542 0.000000
0.236440 0.111654
0.207520 0.299438
0.189829 0.463216
-5.458862 0.000000
0.182215 -0.287009
0.141357 -0.211426
0.269567 -0.016135
0.132446 0.000000
0.269567 0.016135
0.141357 0.211426
0.182215 0.287009
-6.303528 0.000000
-0.031314 0.143626
0.040588 0.021851
-0.040463 0.125682
0.059265 0.000000
-0.040463 -0.125682
0.040588 -0.021851
-0.031314 -0.143626
-4.880432 0.000000
-0.136836 0.354983
-0.157593 0.025330
-0.192510 0.120364
-0.210632 0.000000
-0.192510 -0.120364
-0.157593 -0.025330
-0.136836 -0.354983
-1.145203 0.000000
-0.271661 0.700998
-0.304016 0.186890
-0.375068 0.097604
-0.283875 0.000000
-0.375068 -0.097604
-0.304016 -0.186890
-0.271661 -0.700998
